9.999999999999999547e-07 5.110981894099207778e+00
1.015880489938017774e-06 5.189423365978822034e+00
1.032013169836706817e-06 5.269068728742444030e+00
1.048402044596200439e-06 5.349936459264950095e+00
1.065051182716407468e-06 5.432045317997484801e+00
1.081964717307009414e-06 5.515414353319727958e+00
1.099146847113493511e-06 5.600062905958866466e+00
1.116601837559483075e-06 5.686010613476478071e+00
1.134334021805618484e-06 5.773277414824210751e+00
1.152347801825253860e-06 5.861883554969408827e+00
1.170647649497236516e-06 5.951849589591755141e+00
1.189238107716041462e-06 6.043196389851930306e+00
1.208123791519533305e-06 6.135945147233528907e+00
1.227309389234639088e-06 6.230117378459248734e+00
1.246799663641214333e-06 6.325734930482536100e+00
1.266599453154392401e-06 6.422819985555850764e+00
1.286713673025709616e-06 6.521395066376714844e+00
1.307147316563304074e-06 6.621483041312732354e+00
1.327905456371494375e-06 6.723107129706812124e+00
1.348993245610040835e-06 6.826290907263800278e+00
1.370415919273404955e-06 6.931058311519802118e+00
1.392178795490325389e-06 7.037433647395426206e+00
1.414287276844031022e-06 7.145441592834276712e+00
1.436746851713419174e-06 7.255107204527961429e+00
1.459563095635532664e-06 7.366455923728985056e+00
1.482741672689674745e-06 7.479513582152848450e+00
1.506288336903502645e-06 7.594306407970719874e+00
1.530208933681452071e-06 7.710861031894112649e+00
1.554509401255845255e-06 7.829204493352910355e+00
1.579195772161042531e-06 7.949364246768221065e+00
1.604274174731006115e-06 8.071368167921528780e+00
1.629750834620643487e-06 8.195244560421572899e+00
1.655632076351312602e-06 8.321022162270457656e+00
1.681924324880868821e-06 8.448730152530597337e+00
1.708634107198646792e-06 8.578398158093939685e+00
1.735768053945768629e-06 8.710056260555059993e+00
1.763332901061187056e-06 8.843735003189813426e+00
1.791335491453864818e-06 8.979465398041028834e+00
1.819782776701511752e-06 9.117278933112951123e+00
1.848681818776297952e-06 9.257207579676157039e+00
1.878039791797971194e-06 9.399283799684546636e+00
1.907863983814815925e-06 9.543540553306140595e+00
1.938161798612893185e-06 9.690011306569497052e+00
1.968940757554015710e-06 9.838730039127520755e+00
2.000208501442905221e-06 9.989731252140297002e+00
2.031972792424006661e-06 1.014304997627906957e+01
2.064241515908421664e-06 1.029872177985294002e+01
2.097022682531444043e-06 1.045678277706034542e+01
2.130324430141179279e-06 1.061726963636716548e+01
2.164155025818749435e-06 1.078021958901343247e+01
2.198522867930574794e-06 1.094567043765054848e+01
2.233436488213248048e-06 1.111366056511114309e+01
2.268904553891519852e-06 1.128422894331341908e+01
2.304935869829916676e-06 1.145741514230230074e+01
2.341539380718526683e-06 1.163325933942920365e+01
2.378724173293499568e-06 1.181180232867274071e+01
2.416499478592806257e-06 1.199308553010255984e+01
2.454874674247824290e-06 1.217715099948828872e+01
2.493859286811311314e-06 1.236404143805606815e+01
2.533462994122350717e-06 1.255380020239475414e+01
2.573695627708850470e-06 1.274647131451419568e+01
2.614567175228201226e-06 1.294209947205788680e+01
2.656087782946684055e-06 1.314073005867230570e+01
2.698267758258260558e-06 1.334240915453547238e+01
2.741117572243358181e-06 1.354718354704704097e+01
2.784647862268292356e-06 1.375510074168248664e+01
2.828869434625966676e-06 1.396620897301385966e+01
2.873793267218510094e-06 1.418055721589969309e+01
2.919430512282516499e-06 1.439819519684666105e+01
2.965792499157566812e-06 1.461917340554560241e+01
3.012890737098680769e-06 1.484354310658448384e+01
3.060736918133529305e-06 1.507135635134150675e+01
3.109342919964861976e-06 1.530266599006007944e+01
3.158720808919216695e-06 1.553752568410995138e+01
3.208882842942259049e-06 1.577598991843562182e+01
3.259841474641887919e-06 1.601811401419674752e+01
3.311609354379464439e-06 1.626395414160152342e+01
3.364199333410339531e-06 1.651356733293817314e+01
3.417624467074041298e-06 1.676701149580522099e+01
3.471898018035340720e-06 1.702434542654600591e+01
3.527033459576567491e-06 1.728562882388827759e+01
3.583044478942432177e-06 1.755092230279418075e+01
3.639944980737739632e-06 1.782028740852175019e+01
3.697749090379290940e-06 1.809378663090332395e+01
3.756471157602373233e-06 1.837148341884192249e+01
3.816125760023131660e-06 1.865344219503122503e+01
3.876727706757388912e-06 1.893972837090064587e+01
3.938292042096984199e-06 1.923040836179022506e+01
4.000834049244480009e-06 1.952554960235819337e+01
4.064369254107186155e-06 1.982522056222516227e+01
4.128913429151423957e-06 2.012949076185830322e+01
4.194482597318008892e-06 2.043843078869937457e+01
4.261093035999907988e-06 2.075211231354025898e+01
4.328761281083061327e-06 2.107060810714980903e+01
4.397504131051381535e-06 2.139399205715589147e+01
4.467338651156934144e-06 2.172233918518653084e+01
4.538282177656350015e-06 2.205572566427414216e+01
4.610352322114506565e-06 2.239422883652682472e+01
4.683566975776562018e-06 2.273792723107098013e+01
4.757944314009414168e-06 2.308690058226909869e+01
4.833502800813689035e-06 2.344122984821745348e+01
4.910261193407391048e-06 2.380099722952738261e+01
4.988238546882335386e-06 2.416628618839499154e+01
5.067454218934532217e-06 2.453718146796353494e+01
5.147927874669687519e-06 2.491376911198287658e+01
5.229679491485020722e-06 2.529613648477069532e+01
5.312729364028606185e-06 2.568437229148014112e+01
5.397098109237473506e-06 2.607856659867847071e+01
5.482806671455713466e-06 2.647881085524151246e+01
5.569876327633861880e-06 2.688519791356880262e+01
5.658328692610854749e-06 2.729782205112442384e+01
5.748185724479858316e-06 2.771677899230830633e+01
5.839469730039317414e-06 2.814216593066328898e+01
5.932203370330565490e-06 2.857408155142300998e+01
6.026409666263374448e-06 2.901262605440579634e+01
6.122112004330842741e-06 2.945790117725995216e+01
6.219334142415036273e-06 2.991001021906585677e+01
6.318100215684827993e-06 3.036905806430016952e+01
6.418434742587398143e-06 3.083515120716797497e+01
6.520362630934880044e-06 3.130839777630828635e+01
6.623909184087668417e-06 3.178890755987873362e+01
6.729100107235915770e-06 3.227679203102522365e+01
6.835961513780788941e-06 3.277216437374255520e+01
6.944519931817061266e-06 3.327513950913190399e+01
7.054802310718645520e-06 3.378583412206122460e+01
7.166836027828716778e-06 3.430436668823502799e+01
7.280648895256073549e-06 3.483085750167926875e+01
7.396269166779426993e-06 3.536542870264853633e+01
7.513725544861338558e-06 3.590820430596109958e+01
7.633047187773534821e-06 3.645931022976911606e+01
7.754263716835387634e-06 3.701887432477018791e+01
7.877405223767326462e-06 3.758702640386754013e+01
8.002502278161051499e-06 3.816389827228508835e+01
8.129585935068352559e-06 3.874962375814489945e+01
8.258687742710455680e-06 3.934433874351383054e+01
8.389839750309798175e-06 3.994818119592684980e+01
8.523074516046175224e-06 4.056129120039387459e+01
8.658425115139221429e-06 4.118381099189810612e+01
8.795925148059268687e-06 4.181588498839298751e+01
8.935608748868581060e-06 4.245765982430567220e+01
9.077510593695050362e-06 4.310928438455457012e+01
9.221665909340475109e-06 4.377090983908914268e+01
9.368110482025516705e-06 4.444268967795964187e+01
9.516880666273560570e-06 4.512477974692524896e+01
9.668013393935633653e-06 4.581733828360854943e+01
9.821546183358648396e-06 4.652052595420504133e+01
9.977517148699251666e-06 4.723450589075591211e+01
1.013596500938556902e-05 4.795944372899300845e+01
1.029692909972921600e-05 4.869550764676449006e+01
1.046044937868994647e-05 4.944286688096396176e+01
1.062656643979537575e-05 5.020169326371135554e+01
1.079532152121822304e-05 5.097216574555113056e+01
1.096675651601359403e-05 5.175446305026059690e+01
1.114091398251883948e-05 5.254876664390119601e+01
1.131783715491854982e-05 5.335526077688524538e+01
1.149756995397735701e-05 5.417413252668714563e+01
1.168015699794314764e-05 5.500557184121007737e+01
1.186564361362345190e-05 5.584977158281694187e+01
1.205407584763770196e-05 5.670692757303787346e+01
1.224550047784821439e-05 5.757723863796176289e+01
1.243996502497267470e-05 5.846090665432466693e+01
1.263751776438104474e-05 5.935813659630492367e+01
1.283820773807981853e-05 6.026913658303613630e+01
1.304208476688657587e-05 6.119411792684725526e+01
1.324919946279789157e-05 6.213329518274201746e+01
1.345960324155364282e-05 6.308688620245602863e+01
1.367334833540084534e-05 6.405511218314148891e+01
1.389048780606018958e-05 6.503819771615459899e+01
1.411107555789848558e-05 6.603637083910300021e+01
1.433516635131029951e-05 6.704986308871885115e+01
1.456281581631209387e-05 6.807890955454259085e+01
1.479408046635224249e-05 6.912374893343007898e+01
1.502901771234037288e-05 7.018462358489708208e+01
1.526768587689948331e-05 7.126177958731096851e+01
1.551014420884440229e-05 7.235546679494504474e+01
1.575645289789015662e-05 7.346593889590823778e+01
1.600667308959395104e-05 7.459345347096397916e+01
1.626086690053438655e-05 7.573827205324906231e+01
1.651909743373176982e-05 7.690066018890732380e+01
1.678142879431327938e-05 7.808088749513311200e+01
1.704792610542693257e-05 7.927922771566022675e+01
1.731865552440823252e-05 8.049595879204079552e+01
1.759368425920359493e-05 8.173136292981907047e+01
1.787308058505453559e-05 8.298572666392527708e+01
1.815691386144687420e-05 8.425934092507104367e+01
1.844525454932903377e-05 8.555250110716276879e+01
1.873817422860383000e-05 8.686550713574844451e+01
1.903574561589799606e-05 8.819866353751342558e+01
1.933804258261392849e-05 8.955227951084231108e+01
1.964514017326808603e-05 9.092666899746122056e+01
1.995711462412061538e-05 9.232215075517967762e+01
2.027404338210083188e-05 9.373904843174597090e+01
2.059600512403321745e-05 9.517769063983530486e+01
2.092307977616878736e-05 9.663841103346467776e+01
2.125534853402657619e-05 9.812154839160800179e+01
2.159289388255024363e-05 9.962744669726450297e+01
2.193579961658476739e-05 1.011564552111403543e+02
2.228415086167831539e-05 1.027089285523108373e+02
2.263803409521446413e-05 1.042852267804073563e+02
2.299753716788001840e-05 1.058857154790677555e+02
2.336274932547372779e-05 1.075107658406648454e+02
2.373376123106134145e-05 1.091607547523332329e+02
2.411066498748257455e-05 1.108360648833167943e+02
2.449355416021515669e-05 1.125370847736540441e+02
2.488252380060279622e-05 1.142642089242257839e+02
2.527767046945070259e-05 1.160178378881794572e+02
2.567909226099739464e-05 1.177983783637596531e+02
2.608688882726553919e-05 1.196062432885577209e+02
2.650116140280116782e-05 1.214418519273895214e+02
2.692201282980408050e-05 1.233056299313351758e+02
2.734954758365902125e-05 1.251980094626565858e+02
2.778387179887060042e-05 1.271194293102035573e+02
2.822509329541179619e-05 1.290703349909678366e+02
2.867332160548913516e-05 1.310511788531696880e+02
2.912866800073470988e-05 1.330624201809272904e+02
2.959124551982817393e-05 1.351045253005204927e+02
3.006116899655927896e-05 1.371779676882901526e+02
3.053855508833412132e-05 1.392832280801807485e+02
3.102352230513607612e-05 1.414207945829671189e+02
3.151619103894459314e-05 1.435911627871760174e+02
3.201668359362326262e-05 1.457948358817430403e+02
3.252512421528042715e-05 1.480323247704183416e+02
3.304163912311402872e-05 1.503041481898798679e+02
3.356635654074418418e-05 1.526108328214652090e+02
3.409940672804545586e-05 1.549529134051528274e+02
3.464092201348248346e-05 1.573309328762338737e+02
3.519103682696132334e-05 1.597454424924706586e+02
3.574988773320021571e-05 1.621970019615465617e+02
3.631761346563264068e-05 1.646861795704701308e+02
3.689435496084635661e-05 1.672135523169513931e+02
3.748025539357181031e-05 1.697797060427960503e+02
3.807546021222368024e-05 1.723852355693309164e+02
3.868011717500936922e-05 1.750307448349107062e+02
3.929437638660837032e-05 1.777168470345156663e+02
3.991839033543666823e-05 1.804441647614969213e+02
4.055231393150035031e-05 1.832133301514774644e+02
4.119630454485296233e-05 1.860249850284657782e+02
4.185052204466092554e-05 1.888797810469895353e+02
4.251512883889203788e-05 1.917783797715688934e+02
4.319028991463158600e-05 1.947214528495599950e+02
4.387617287904096221e-05 1.977096822143178372e+02
4.457294800096529846e-05 2.007437602434103781e+02
4.528078825320240938e-05 2.038243899183173653e+02
4.599986935544290393e-05 2.069522849865638250e+02
4.673036981789213825e-05 2.101281701263293655e+02
4.747247098558502110e-05 2.133527811135676018e+02
4.822635708340443947e-05 2.166268649916745801e+02
4.899221526181469507e-05 2.199511802437483539e+02
4.977023564332113960e-05 2.233264969674728206e+02
5.056061136966767043e-05 2.267535970526711822e+02
5.136353864978370149e-05 2.302332743615695847e+02
5.217921680849257600e-05 2.337663349118035967e+02
5.300784833599348302e-05 2.373535970246601892e+02
5.384963893812919690e-05 2.409958914131059373e+02
5.470479758745204024e-05 2.446940614700299079e+02
5.557353657510087077e-05 2.484489634910903533e+02
5.645607156350181794e-05 2.522614668716174151e+02
5.735262163990600997e-05 2.561324543065146599e+02
5.826340937077747811e-05 2.600628219931917897e+02
5.918866085704470922e-05 2.640534798375942955e+02
6.012860579022975154e-05 2.681053516633625122e+02
6.108347750946852798e-05 2.722193754241678221e+02
6.205351305943676977e-05 2.763965034192824533e+02
6.303895324919580776e-05 2.806377025124252214e+02
6.404004271197282383e-05 2.849439543539360784e+02
6.505702996589053828e-05 2.893162556063251714e+02
6.609016747566117300e-05 2.937556181675332709e+02
6.713971171526031661e-05 2.982630692124345728e+02
6.820592323159592452e-05 3.028396513702131756e+02
6.928906670918848665e-05 3.074864231765062641e+02
7.038941103587839534e-05 3.122044593295845516e+02
7.150722936957664105e-05 3.169948509361456672e+02
7.264279920607573577e-05 3.218587057608162922e+02
7.379640244793726279e-05 3.267971484794362027e+02
7.496832547447363035e-05 3.318113209361711711e+02
7.615885921284103774e-05 3.369023824045104334e+02
7.736829921026147519e-05 3.420715098522142057e+02
7.859694570739156588e-05 3.473198982102653076e+02
7.984510371285672185e-05 3.526487606458896380e+02
8.111308307896872023e-05 3.580593288396972298e+02
8.240119857864587648e-05 3.635528532670171558e+02
8.370976998355466627e-05 3.691306034090231378e+02
8.503912214349228444e-05 3.747938675715385557e+02
8.638958506702986014e-05 3.805439534476354311e+02
8.776149400343635863e-05 3.863821886385152311e+02
8.915518952590332233e-05 3.923099209556335722e+02
9.057101761609149843e-05 3.983285187263911098e+02
9.200932975001985769e-05 4.044393711044183988e+02
9.347048298531879717e-05 4.106438883845092391e+02
9.495484004986880428e-05 4.169435023222689551e+02
9.646276943184683528e-05 4.233396664585673079e+02
9.799464547120259389e-05 4.298338564488443581e+02
9.955084845258764081e-05 4.364275703973544864e+02
1.011317646997600753e-04 4.431223291964190025e+02
1.027377866714885868e-04 4.499196768707581100e+02
1.043693130589793777e-04 4.568211809249308430e+02
1.060267488848503091e-04 4.638284322335073853e+02
1.077105056036769105e-04 4.709430447697694149e+02
1.094210012041349039e-04 4.781666568247548526e+02
1.111586603127649785e-04 4.855009315142511923e+02
1.129239142993853772e-04 4.929475571511183603e+02
1.147172013841783419e-04 5.005082476231484065e+02
1.165389667464773331e-04 5.081847427764936924e+02
1.183896626352817360e-04 5.159788088047739620e+02
1.202697484815266459e-04 5.238922386439292040e+02
1.221796910121354348e-04 5.319268523729087974e+02
1.241199643658837614e-04 5.400844976202889711e+02
1.260910502111033105e-04 5.483670499768805939e+02
1.280934378652548184e-04 5.567764134144382524e+02
1.301276244164000786e-04 5.653145207105537793e+02
1.321941148466028784e-04 5.739833337757430627e+02
1.342934221572894961e-04 5.827848424859140550e+02
1.364260674966003071e-04 5.917210653273899652e+02
1.385925802887633747e-04 6.007940511139263435e+02
1.407934983655230086e-04 6.100058794743107455e+02
1.430293680996550074e-04 6.193586613082827625e+02
1.453007445406026001e-04 6.288545392490520953e+02
1.476081915522661281e-04 6.384956881324842470e+02
1.499522819529808639e-04 6.482843154730879860e+02
1.523335976577179594e-04 6.582226619468607396e+02
1.547527298225434078e-04 6.683130018811222044e+02
1.572102789913710694e-04 6.785576437513923338e+02
1.597068552450464868e-04 6.889589306854613824e+02
1.622430783527978944e-04 6.995192409747155580e+02
1.648195779260925296e-04 7.102409885928303765e+02
1.674369935749361665e-04 7.211266228093388690e+02
1.700959750666548496e-04 7.321786254908478213e+02
1.727971824871981830e-04 7.433995143338667049e+02
1.755412864050039394e-04 7.547918444769848065e+02
1.783289680374652961e-04 7.663582090432232690e+02
1.811609194200415184e-04 7.781012396898809129e+02
1.840378435780535074e-04 7.900236071660483503e+02
1.869604547012092602e-04 8.021280218779033930e+02
1.899294783208990331e-04 8.144172344618381203e+02
1.929456514903070180e-04 8.268940363655759711e+02
1.960097229673831169e-04 8.395612604373496879e+02
1.991224534007202704e-04 8.524217815232623252e+02
2.022846155183837967e-04 8.654785170729244328e+02
2.054969943197392825e-04 8.787344277534899675e+02
2.087603872703267828e-04 8.921925179908665768e+02
2.120756044998298769e-04 9.058558323566604713e+02
2.154434690031884489e-04 9.197274538108814568e+02
2.188648168449052031e-04 9.338105098736501759e+02
2.223404973665968169e-04 9.481081737495077277e+02
2.258713733978409059e-04 9.626236649664807601e+02
2.294583214703715469e-04 9.773602500235879234e+02
2.331022320356762145e-04 9.923212430467408467e+02
2.368040096860482330e-04 1.007510006453240521e+03
2.405645733791497655e-04 1.022929951624929572e+03
2.443848566661408536e-04 1.038584539590089889e+03
2.482658079234313989e-04 1.054477281714231140e+03
2.522083905881133069e-04 1.070611740399813698e+03
2.562135833971314748e-04 1.086991529795062434e+03
2.602823806302530913e-04 1.103620316511962528e+03
2.644157923568950979e-04 1.120501819017440312e+03
2.686148446868717450e-04 1.137639797361227920e+03
2.728805800251237726e-04 1.155038058819119442e+03
2.772140573304931826e-04 1.172700464763388254e+03
2.816163523786071373e-04 1.190630931438418884e+03
2.860885580289368501e-04 1.208833430686444672e+03
2.906317844960973860e-04 1.227311990681813086e+03
2.952471596254558120e-04 1.246070696673731618e+03
2.999358291731161618e-04 1.265113691737702311e+03
3.046989570903508226e-04 1.284445177535624680e+03
3.095377258125486006e-04 1.304069415084704815e+03
3.144533365527516704e-04 1.323990725535191132e+03
3.194470095998537280e-04 1.344213490957055683e+03
3.245199846215340465e-04 1.364742155135720395e+03
3.296735209720019744e-04 1.385581224366173501e+03
3.349088980046287462e-04 1.406735260339420165e+03
3.402274153895438005e-04 1.428208866115378896e+03
3.456303934362752405e-04 1.450006703993849442e+03
3.511191734215130954e-04 1.472133499933835083e+03
3.566951179220785410e-04 1.494594044323707521e+03
3.623596111531801243e-04 1.517393192758577698e+03
3.681140593120422089e-04 1.540535866824874574e+03
3.739598909269899402e-04 1.564027054892130764e+03
3.798985572120782230e-04 1.587871812912093219e+03
3.859315324273520460e-04 1.612075265225030307e+03
3.920603142448283573e-04 1.636642605373379411e+03
3.982864241202894269e-04 1.661579096922672306e+03
4.046114076709807195e-04 1.686890074289786980e+03
4.110368350593068994e-04 1.712580943578552478e+03
4.175643013826208340e-04 1.738657182259827778e+03
4.241954270692029592e-04 1.765124315208746339e+03
4.309318582805285285e-04 1.791987914273058777e+03
4.377752673199237403e-04 1.819253622054460948e+03
4.447273530477108164e-04 1.846927153671284714e+03
4.517898413029462204e-04 1.875014297510537745e+03
4.589644853318562657e-04 1.903520915983659506e+03
4.662530662230762540e-04 1.932452946286044835e+03
4.736573933498017274e-04 1.961816401160077021e+03
4.811793048189609069e-04 1.991617369661759085e+03
4.888206679275207455e-04 2.021862017930713591e+03
4.965833796260389231e-04 2.052556589963523948e+03
5.044693669895769766e-04 2.083707408390322598e+03
5.124805876960931246e-04 2.115320875254517432e+03
5.206190305124303074e-04 2.147403472795508151e+03
5.288867157880234758e-04 2.179961755093060219e+03
5.372856959564464201e-04 2.213002306606142611e+03
5.458180560449235824e-04 2.246531773117940702e+03
5.544859141919333779e-04 2.280556878895982663e+03
5.632914221730309610e-04 2.315084427324414719e+03
5.722367659350220594e-04 2.350121301519662666e+03
5.813241661386168947e-04 2.385674464943226667e+03
5.905558787097077390e-04 2.421750962011527918e+03
5.999341953993944654e-04 2.458357918702398365e+03
6.094614443529072778e-04 2.495502543158165736e+03
6.191399906875633390e-04 2.533192126284875940e+03
6.289722370799016036e-04 2.571434042347596460e+03
6.389606243621414640e-04 2.610235749561287776e+03
6.491076321281138550e-04 2.649604790677314213e+03
6.594157793488148681e-04 2.689548793124163240e+03
6.698876249977338835e-04 2.730075429588229781e+03
6.805257686861128840e-04 2.771192383468421212e+03
6.913328513082944889e-04 2.812907410380680631e+03
7.023115556973169972e-04 2.855228345665901998e+03
7.134646072909217856e-04 2.898163104667893094e+03
7.247947748081369880e-04 2.941719682997617838e+03
7.363048709366054037e-04 2.985906156783159986e+03
7.479977530308276092e-04 3.030730682905029425e+03
7.598763238214934239e-04 3.076201499216339471e+03
7.719435321360785607e-04 3.122326924747314479e+03
7.842023736308834049e-04 3.169115359893781260e+03
7.966558915346982342e-04 3.216575286589049483e+03
8.093071774042774613e-04 3.264715268458772243e+03
8.221593718918116574e-04 3.313543950958204277e+03
8.352156655245865499e-04 3.363070052545287581e+03
8.484792994970244764e-04 3.413302267864782152e+03
8.619535664753032352e-04 3.464249297990649666e+03
8.756418114147527989e-04 3.515919913836878095e+03
8.895474323902323151e-04 3.568322956895520292e+03
9.036738814396949072e-04 3.621467338851335626e+03
9.180246654211473602e-04 3.675362041165242317e+03
9.326033468832199040e-04 3.730016114625989303e+03
9.474135449495605515e-04 3.785438678869464184e+03
9.624589362172736480e-04 3.841638921864675467e+03
9.777432556696272811e-04 3.898626099365977097e+03
9.932702976032535460e-04 3.956409534330647148e+03
1.009043916570073795e-03 4.014998616301132643e+03
1.025068028334182729e-03 4.074402800751294308e+03
1.041346610843927375e-03 4.134631608385175241e+03
1.057883705219423136e-03 4.195694538730590466e+03
1.074683416755753060e-03 4.257600853154917786e+03
1.091749915942097273e-03 4.320359789006240135e+03
1.109087439497047616e-03 4.383980618431362927e+03
1.126700291420362245e-03 4.448472646563906892e+03
1.144592844061424752e-03 4.513845209651020923e+03
1.162769539204669324e-03 4.580107673117754530e+03
1.181234889172242536e-03 4.647269429568095802e+03
1.199993477944177834e-03 4.715339896721831792e+03
1.219049962296357226e-03 4.784328515286522816e+03
1.238409072956545313e-03 4.854244746763321928e+03
1.258075615778781473e-03 4.925098071186236666e+03
1.278054472936421835e-03 4.996897984793589785e+03
1.298350604134127255e-03 5.069653997631118727e+03
1.318969047839098482e-03 5.143375626710949291e+03
1.339914922531864044e-03 5.218072258796566530e+03
1.361193427976931146e-03 5.293753113267279332e+03
1.382809846513614448e-03 5.370427385288677215e+03
1.404769544367365794e-03 5.448104251485963687e+03
1.427077972981925401e-03 5.526792866499125921e+03
1.449740670372631464e-03 5.606502359452913879e+03
1.472763262501219092e-03 5.687241830340997694e+03
1.496151464672451810e-03 5.769020346323710328e+03
1.519911082952933243e-03 5.851846937938597875e+03
1.544048015612448739e-03 5.935730595223525597e+03
1.568568254588198398e-03 6.020680263751509301e+03
1.593477886972280389e-03 6.106704840577027426e+03
1.618783096522797291e-03 6.193813170093285407e+03
1.644490165198960602e-03 6.282014039799986676e+03
1.670605474720571800e-03 6.371316103727871450e+03
1.697135508152269184e-03 6.461727445097943928e+03
1.724086851512933840e-03 6.553255831748433593e+03
1.751466195410653504e-03 6.645908910420197572e+03
1.779280336703650475e-03 6.739694201376889396e+03
1.807536180187587502e-03 6.834619092226496832e+03
1.836240740309659329e-03 6.930690831633954986e+03
1.865401142909925035e-03 7.027916522924949277e+03
1.895024626990272779e-03 7.126303117581526749e+03
1.925118546511487509e-03 7.225857408630597092e+03
1.955690372218854643e-03 7.326586023925802692e+03
1.986747693496754025e-03 7.428495419324075556e+03
2.018298220252709267e-03 7.531591871757649642e+03
2.050349784831351305e-03 7.635881472202916484e+03
2.082910343958782346e-03 7.741370117463937277e+03
2.115987980717812678e-03 7.848063298510069217e+03
2.149590906554568227e-03 7.955965835559650259e+03
2.183727463316962377e-03 8.065082237308552067e+03
2.218406125325540334e-03 8.175416749083646209e+03
2.253635501477209511e-03 8.286973344111354891e+03
2.289424337382377651e-03 8.399755714687888030e+03
2.325781517536031247e-03 8.513767263253643250e+03
2.362716067523289859e-03 8.629011093375907876e+03
2.400237156259986231e-03 8.745490000642301311e+03
2.438354098268829054e-03 8.863206463469436130e+03
2.477076355991711300e-03 8.982162633830062987e+03
2.516413542138739180e-03 9.102360327902753852e+03
2.556375422074565022e-03 9.223801016648802033e+03
2.596971916242616068e-03 9.346485816320056983e+03
2.638213102627821102e-03 9.470415447842653521e+03
2.680109219258448600e-03 9.595589777850256723e+03
2.722670666747670914e-03 9.722007884975681009e+03
2.765908010875493296e-03 9.849668397093673775e+03
2.809831985211683984e-03 9.978569489971367148e+03
2.854453493780358467e-03 1.010870887631649384e+04
2.899783613766877127e-03 1.024008379479825817e+04
2.945833598267730627e-03 1.037269099904882569e+04
2.992614879084095660e-03 1.050652674665318773e+04
3.040139069559752785e-03 1.064158678813562619e+04
3.088417967464070647e-03 1.077786635595099506e+04
3.137463557920776910e-03 1.091536015348974433e+04
3.187288016383234973e-03 1.105406234410537036e+04
3.237903711656973244e-03 1.119396654017392029e+04
3.289323208970212041e-03 1.133506579219462947e+04
3.341559273093151414e-03 1.147735234562429832e+04
3.394624871506797016e-03 1.162081685631831533e+04
3.448533177622105112e-03 1.176544905850182840e+04
3.503297574050253348e-03 1.191123800576388385e+04
3.558931655924840037e-03 1.205817205905668925e+04
3.615449234276847234e-03 1.220623887482853024e+04
3.672864339463194610e-03 1.235542539330534782e+04
3.731191224649743707e-03 1.250571782693616296e+04
3.790444369349613846e-03 1.265710164901737880e+04
3.850638483017686155e-03 1.280956158251130910e+04
3.911788508702192593e-03 1.296308158907463985e+04
3.973909626754290256e-03 1.311764485831281672e+04
4.037017258596553408e-03 1.327323379727657448e+04
4.101127070551300463e-03 1.342983002021759785e+04
4.166254977729722149e-03 1.358741432047204580e+04
4.232417147982774942e-03 1.374596580419866223e+04
4.299630005914809039e-03 1.390546146227439931e+04
4.367910236960937873e-03 1.406587725885274631e+04
4.437274791529160524e-03 1.422718821296522583e+04
4.507740889208258772e-03 1.438936838883222845e+04
4.579326023042521766e-03 1.455239088664121118e+04
4.652047963874351294e-03 1.471622783381574482e+04
4.725924764755833583e-03 1.488085037679980451e+04
4.800974765430367046e-03 1.504622867338085234e+04
4.877216596885460519e-03 1.521233188557594076e+04
4.954669185977833047e-03 1.537912817310547507e+04
5.033351760131960125e-03 1.554658468747897859e+04
5.113283852113239929e-03 1.571466756671738221e+04
5.194485304876952231e-03 1.588334193073650385e+04
5.276976276494231219e-03 1.605257155204937226e+04
5.360777245156256136e-03 1.622231633046929892e+04
5.445909014257914807e-03 1.639253354289419440e+04
5.532392717562196853e-03 1.656317923036699722e+04
5.620249824446605508e-03 1.673420820747565085e+04
5.709502145232882124e-03 1.690557406144586275e+04
5.800171836601342688e-03 1.707722915233036474e+04
5.892281407091264425e-03 1.724912461432902273e+04
5.985853722688545472e-03 1.742121035827529340e+04
6.080912012502146836e-03 1.759343507532276999e+04
6.177479874530658437e-03 1.776574624186587971e+04
6.275581281520449008e-03 1.793809012572776919e+04
6.375240586916846620e-03 1.811041179364859272e+04
6.476482530909821733e-03 1.828265512010524253e+04
6.579332246575681983e-03 1.845476279460198930e+04
6.683815266116302674e-03 1.862667473170810626e+04
6.789957527197431654e-03 1.879832532934169285e+04
6.897785379387658469e-03 1.896964691436042631e+04
7.007325590699628980e-03 1.914057044636830324e+04
7.118605354235148230e-03 1.931102553701860597e+04
7.231652294935798746e-03 1.948094047133157437e+04
7.346494476440769070e-03 1.965024223106606587e+04
7.463160408053589115e-03 1.981885652018035762e+04
7.581679051819496633e-03 1.998670779241622586e+04
7.702079829715195551e-03 2.015371928103862228e+04
7.824392630952796412e-03 2.031981303075851611e+04
7.948647819399742159e-03 2.048490993186814376e+04
8.074876241116565878e-03 2.064892975661059609e+04
8.203109232014355739e-03 2.081179119780638939e+04
8.333378625633819717e-03 2.097341160350390055e+04
8.465716761047889505e-03 2.113370097091562275e+04
8.600156490889817804e-03 2.129256214789252408e+04
8.736731189508770840e-03 2.144989647401436741e+04
8.875474761254930137e-03 2.160560406745861837e+04
9.016421648896169594e-03 2.175958388862138600e+04
9.159606842168389537e-03 2.191173380721909780e+04
9.305065886461643190e-03 2.206195067288126302e+04
9.452834891644189275e-03 2.221013038923816930e+04
9.602950541026687714e-03 2.235616799150244697e+04
9.755450100468743280e-03 2.249995772753297206e+04
9.910371427630071395e-03 2.264139314236701102e+04
1.006775298136856726e-02 2.278036716619438084e+04
1.022763383128763928e-02 2.291677220574346211e+04
1.039005366743513126e-02 2.305050023903863621e+04
1.055505281015629848e-02 2.318144076556872096e+04
1.072267222010323158e-02 2.330947168071226770e+04
1.089295350840324347e-02 2.343446674678810814e+04
1.106593894698873481e-02 2.355629936015312705e+04
1.124167147909110702e-02 2.367484268878293369e+04
1.142019472990131457e-02 2.378996981248599695e+04
1.160155301739971417e-02 2.390155386770228142e+04
1.178579136335791006e-02 2.400946819676517407e+04
1.197295550451529106e-02 2.411358650148864399e+04
1.216309190393308030e-02 2.421378300092800782e+04
1.235624776252867291e-02 2.430993259314628085e+04
1.255247103079316397e-02 2.440191102080250857e+04
1.275181042069493259e-02 2.448959504036185535e+04
1.295431541777228822e-02 2.457286259471299491e+04
1.316003629341812829e-02 2.465159286887829512e+04
1.336902411735970200e-02 2.472565694600154166e+04
1.358133077033654885e-02 2.479491094793663069e+04
1.379700895697976749e-02 2.485921100745130025e+04
1.401611221889582579e-02 2.491841512596928806e+04
1.423869494795812832e-02 2.497238342146270588e+04
1.446481239980968066e-02 2.502097838052309817e+04
1.469452070758017065e-02 2.506406511416147987e+04
1.492787689582089107e-02 2.510151161685690386e+04
1.516493889466094015e-02 2.513318902834495020e+04
1.540576555418825787e-02 2.515897189761074333e+04
1.565041665905900214e-02 2.517873844852340335e+04
1.589895294333897383e-02 2.519237084652195699e+04
1.615143610558068474e-02 2.519975546573895190e+04
1.640792882413989393e-02 2.520078315592210129e+04
1.666849477273536079e-02 2.519534874180342013e+04
1.693319863625568356e-02 2.518334361145170988e+04
1.720210612681719736e-02 2.516465921845854973e+04
1.747528400007682808e-02 2.513919254052895121e+04
1.775280007180405142e-02 2.510684645316016395e+04
1.803472323471597485e-02 2.506753002154699425e+04
1.832112347557981677e-02 2.502115878805000466e+04
1.861207189258694272e-02 2.496765505431022757e+04
1.890764071300283025e-02 2.490694815707712405e+04
1.920790331109732338e-02 2.483897473680197072e+04
1.951293422635962116e-02 2.476367899804068293e+04
1.982280918200252789e-02 2.468101296070188982e+04
2.013760510376056204e-02 2.459093670117204965e+04
2.045740013898660753e-02 2.449341858235079417e+04
2.078227367605178441e-02 2.438843547386309365e+04
2.111230636405345487e-02 2.427598181954529355e+04
2.144758013283615261e-02 2.415608965220749451e+04
2.178817821333048702e-02 2.402880513351035188e+04
2.213418515821501814e-02 2.389418260408466085e+04
2.248568686290627200e-02 2.375228459522860794e+04
2.284277058688206907e-02 2.360318182517779132e+04
2.320552497534349862e-02 2.344695317968798918e+04
2.357404008122085740e-02 2.328368567671149503e+04
2.394840738752911091e-02 2.311347441498664921e+04
2.432871983007831723e-02 2.293642250640545535e+04
2.471507182054472757e-02 2.275264099206428364e+04
2.510755926990827086e-02 2.256224874195062512e+04
2.550627961226223372e-02 2.236537233826379088e+04
2.591133182900103027e-02 2.216214594241446684e+04
2.632281647339211605e-02 2.195271437888835135e+04
2.674083569553810727e-02 2.173732231562418383e+04
2.716549326773528422e-02 2.151632126140230321e+04
2.759689461023484211e-02 2.129006659364676671e+04
2.803514681741321041e-02 2.105891113293510716e+04
2.848035868435799117e-02 2.082320448010366090e+04
2.893264073387607355e-02 2.058329238901660938e+04
2.939210524393067250e-02 2.033951617554514087e+04
2.985886627551407116e-02 2.009221216312729302e+04
3.033303970096298818e-02 1.984171116511328364e+04
3.081474323272362023e-02 1.958833800393869024e+04
3.130409645257348911e-02 1.933241106701938043e+04
3.180122084130731358e-02 1.907424189911799476e+04
3.230623980889443803e-02 1.881413483080002698e+04
3.281927872511477412e-02 1.855238664247289489e+04
3.334046495068195698e-02 1.828932356508948578e+04
3.386992786886009604e-02 1.802547810607808788e+04
3.440779891758290882e-02 1.776143740734094172e+04
3.495421162208292576e-02 1.749776065302184361e+04
3.550930162803875301e-02 1.723497890089111752e+04
3.607320673524885835e-02 1.697359519694069240e+04
3.664606693184000591e-02 1.671408484112787846e+04
3.722802442901901321e-02 1.645689579135983513e+04
3.781922369637633063e-02 1.620244919303748247e+04
3.841981149775027665e-02 1.595114002180053467e+04
3.902993692766083128e-02 1.570333782753436026e+04
3.964975144832201537e-02 1.545938756818812180e+04
4.027940892724199418e-02 1.521961052251227557e+04
4.091906567542036299e-02 1.498430527600375717e+04
4.156888048615196146e-02 1.475375261452646191e+04
4.222901467444695883e-02 1.452822324911903524e+04
4.289963211707691071e-02 1.430796943481147900e+04
4.358089929325681400e-02 1.409322422968446699e+04
4.427298532597313818e-02 1.388420275595177554e+04
4.497606202396826208e-02 1.368110348661455646e+04
4.569030392439155097e-02 1.348410955184584600e+04
4.641588833612782239e-02 1.329339006008484102e+04
4.715299538381385186e-02 1.310910142962903774e+04
4.790180805255390278e-02 1.293138275295066160e+04
4.866251223334534109e-02 1.276019371687764215e+04
4.943529676922564509e-02 1.259530568964264967e+04
5.022035350215224569e-02 1.243649038963354542e+04
5.101787732062686848e-02 1.228352981443929093e+04
5.182806620807610398e-02 1.213621571813319133e+04
5.265112129200037044e-02 1.199434795147911063e+04
5.348724689390333548e-02 1.185761692395271348e+04
5.433665058001423132e-02 1.172550999964080256e+04
5.519954321281573401e-02 1.159751350539910345e+04
5.607613900339002144e-02 1.147313540494092376e+04
5.696665556459624274e-02 1.135189370133567536e+04
5.787131396509233305e-02 1.123316554774854376e+04
5.879033878421484338e-02 1.111622588225963227e+04
5.972395816773021920e-02 1.100037525439484489e+04
6.067240388447144722e-02 1.088493294978628364e+04
6.163591138387414237e-02 1.076913932798295173e+04
6.261471985442630672e-02 1.065220113563104860e+04
6.360907228304631122e-02 1.053336034378669319e+04
6.461921551540387998e-02 1.041187340769463299e+04
6.564540031719884317e-02 1.028699129982154045e+04
6.668788143641325716e-02 1.015800431406817552e+04
6.774691766655194236e-02 1.002425999019178380e+04
6.882277191088732871e-02 9.885183230916531102e+03
6.991571124772466561e-02 9.740256259488505748e+03
7.102600699670350015e-02 9.589058629611314245e+03
7.215393478615222955e-02 9.431316792387737223e+03
7.329977462151210377e-02 9.266826735155254937e+03
7.446381095484799761e-02 9.095550874599084636e+03
7.564633275546291113e-02 8.917620679447802104e+03
7.684763358163397562e-02 8.733246657228221011e+03
7.806801165348757621e-02 8.542882765393411319e+03
7.930776992703184036e-02 8.347081650715079377e+03
8.056721616936468600e-02 8.146542948287320542e+03
8.184666303507638629e-02 7.942170681524487918e+03
8.314642814386523362e-02 7.734900442806535466e+03
8.446683415938599504e-02 7.525887068814481609e+03
8.580820886935033864e-02 7.316304648457743497e+03
8.717088526689938111e-02 7.107419970245676268e+03
8.855520163326846550e-02 6.900558323838825345e+03
8.996150162176470844e-02 6.697003793472581492e+03
9.139013434307810546e-02 6.498090861099964968e+03
9.284145445194744162e-02 6.305042820332746487e+03
9.431582223520253161e-02 6.119036635721775383e+03
9.581360370120452219e-02 5.941128091764829151e+03
9.733517067070671103e-02 5.772213911223869218e+03
9.888090086915811427e-02 5.613053856855539379e+03
1.004511780204729032e-01 5.464197681904294768e+03
1.020463919422890386e-01 5.326001772415018422e+03
1.036669386427395700e-01 5.198624116223439160e+03
1.053132204187606918e-01 5.081934086756569741e+03
1.069856459559610645e-01 4.975658526592637827e+03
1.086846304300770338e-01 4.879169654404688117e+03
1.104105956100390334e-01 4.791741794194194881e+03
1.121639699626748032e-01 4.712298083507331285e+03
1.139451887590751805e-01 4.639674530213041180e+03
1.157546941826491926e-01 4.572436361403111732e+03
1.175929354388950687e-01 4.509061442462664672e+03
1.194603688669144126e-01 4.447893223915356430e+03
1.213574580526973340e-01 4.387221985066800698e+03
1.232846739442065853e-01 4.325377784843568406e+03
1.252424949682893474e-01 4.260746371286127214e+03
1.272314071494455023e-01 4.191901642904433174e+03
1.292519042304821064e-01 4.117630134892831848e+03
1.313044877950839129e-01 4.037029276165802457e+03
1.333896673923302967e-01 3.949599603171126091e+03
1.355079606631897360e-01 3.855189773772508033e+03
1.376598934690227982e-01 3.754167965901839580e+03
1.398460000221262156e-01 3.647206042269313912e+03
1.420668230183496084e-01 3.535513086340310565e+03
1.443229137718186617e-01 3.420473789807085723e+03
1.466148323517974250e-01 3.303876604084821793e+03
1.489431477217242894e-01 3.187519659690353365e+03
1.513084378804558094e-01 3.073357716744047138e+03
1.537112900057535647e-01 2.963205340868122676e+03
1.561523006000496427e-01 2.858717375285388698e+03
1.586320756385270481e-01 2.761309404547174836e+03
1.611512307195515359e-01 2.671955125102773764e+03
1.637103912174925346e-01 2.591333560914566988e+03
1.663101924379708774e-01 2.519546942812383804e+03
1.689512797755718665e-01 2.456359738158753771e+03
1.716343088740630296e-01 2.400977193131436707e+03
1.743599457891562288e-01 2.352226480651987458e+03
1.771288671538542303e-01 2.308684464232604114e+03
1.799417603464234794e-01 2.268697925028391637e+03
1.827993236610340466e-01 2.230496858719601732e+03
1.857022664811095458e-01 2.192159664876499392e+03
1.886513094554298775e-01 2.151919453998638801e+03
1.916471846770306797e-01 2.108210706607822431e+03
1.946906358649437008e-01 2.059944579483441885e+03
1.977824185488231967e-01 2.006796073123080987e+03
2.009233002565045945e-01 1.948907882972614061e+03
2.041140607045413280e-01 1.887211494583782269e+03
2.073554919917677264e-01 1.822897362762079183e+03
2.106483987959356929e-01 1.757650414815791919e+03
2.139935985734740809e-01 1.693124626216648949e+03
2.173919217624203370e-01 1.630942160380909627e+03
2.208442119885747901e-01 1.572500344721370766e+03
2.243513262749287918e-01 1.518779268440805481e+03
2.279141352544187260e-01 1.470468629720967783e+03
2.315335233860585096e-01 1.427618251921061756e+03
2.352103891745045972e-01 1.389969273617378349e+03
2.389456453931075586e-01 1.356619783567198738e+03
2.427402193105059336e-01 1.326364135710957498e+03
2.465950529208186248e-01 1.297779430416714149e+03
2.505111031774926444e-01 1.269345947661340006e+03
2.544893422308645015e-01 1.239854971016903164e+03
2.585307576694945153e-01 1.208392165868314805e+03
2.626363527653329810e-01 1.174554060098098262e+03
2.668071467227805527e-01 1.138458704210377846e+03
2.710441749317028526e-01 1.100649009781815266e+03
2.753484892244640880e-01 1.062163312903863471e+03
2.797211581370415701e-01 1.024116924069314791e+03
2.841632671742874705e-01 9.877531498921172215e+02
2.886759190794029872e-01 9.540057036497462377e+02
2.932602341076914754e-01 9.232894692728849577e+02
2.979173503046593785e-01 8.957124124059860151e+02
3.026484237885334050e-01 8.707582547230999808e+02
3.074546290372641155e-01 8.477726974841283436e+02
3.123371591800873648e-01 8.258468873921037812e+02
3.172972262937157617e-01 8.040979633589118976e+02
3.223360617032346997e-01 7.818685535926273360e+02
3.274549162877731789e-01 7.586868766716763730e+02
3.326550607910355728e-01 7.346641440766004507e+02
3.379377861367582891e-01 7.101928297924513345e+02
3.433044037491790323e-01 6.858556627688310527e+02
3.487562458785950503e-01 6.623205030379734808e+02
3.542946659320909131e-01 6.400783717973797593e+02
3.599210388095188118e-01 6.194554373436708374e+02
3.656367612448142568e-01 6.004617673042780552e+02
3.714432521527318842e-01 5.827040830896164607e+02
3.773419529810879136e-01 5.657558782588870372e+02
3.833343280685960197e-01 5.491364308556319429e+02
3.894218650083861588e-01 5.324691999901671124e+02
3.956060750172958884e-01 5.156814769880141966e+02
4.018884933110267177e-01 4.988088113692313073e+02
4.082706794852575816e-01 4.821201688789542459e+02
4.147542179028108622e-01 4.659520914591104770e+02
4.213407180869668256e-01 4.505067087771464003e+02
4.280318151210240618e-01 4.358805594219990667e+02
4.348291700542049609e-01 4.220537598822269842e+02
4.417344703140073103e-01 4.088396481072441588e+02
4.487494301251044870e-01 3.960533233027068150e+02
4.558757909348973847e-01 3.835205747304818260e+02
4.631153218458248788e-01 3.710983338145101129e+02
4.704698200545393560e-01 3.588215139505126672e+02
4.779411112980564424e-01 3.468281320713869604e+02
4.855310503069902306e-01 3.352315853784483579e+02
4.932415212659855275e-01 3.241122200810428922e+02
5.010744382814625864e-01 3.135199549678418975e+02
5.090317458567892306e-01 3.033628517359402395e+02
5.171154193749994965e-01 2.934945287590670659e+02
5.253274655891779776e-01 2.838296541784243914e+02
5.336699231206312177e-01 2.743875572869286543e+02
5.421448629649711082e-01 2.651972495214212131e+02
5.507543890062343017e-01 2.562880863318119395e+02
5.595006385391668724e-01 2.476888401484675057e+02
5.683857827998026746e-01 2.394182419369530805e+02
5.774120275044671846e-01 2.314451994277342521e+02
5.865816133973422719e-01 2.237183936013946948e+02
5.958968168067249049e-01 2.161972830420309322e+02
6.053599502101209007e-01 2.088847601477227443e+02
6.149733628083116077e-01 2.018002985846661943e+02
6.247394411085379629e-01 1.949590361662821749e+02
6.346606095169449180e-01 1.883554710267461871e+02
6.447393309404348960e-01 1.819707330183898932e+02
6.549781073980787127e-01 1.757873472030365463e+02
6.653794806422357322e-01 1.697928856965224327e+02
6.759460327895382425e-01 1.639853519349115061e+02
6.866803869618954836e-01 1.583640446139273479e+02
6.975852079376779757e-01 1.529277592053810224e+02
7.086632028132422434e-01 1.476732347912156342e+02
7.199171216749613578e-01 1.425935937864026641e+02
7.313497582819271647e-01 1.376818339045194364e+02
7.429639507594949510e-01 1.329313172393371190e+02
7.547625823038410786e-01 1.283358293547011328e+02
7.667485818977094469e-01 1.238903818161572588e+02
7.789249250375253064e-01 1.195907306749406729e+02
7.912946344720549474e-01 1.154327236274433091e+02
8.038607809527957837e-01 1.114122896820415463e+02
8.166264839962836808e-01 1.075254396076729932e+02
8.295949126585054900e-01 1.037682029768786123e+02
8.427692863216095231e-01 1.001365330641905302e+02
8.561528754931101437e-01 9.662646994058322036e+01
8.697490026177834288e-01 9.323416906400261439e+01
8.835610429024560730e-01 8.995589828816977729e+01
8.975924251538929255e-01 8.678803493471338015e+01
9.118466326299902169e-01 8.372706292783307447e+01
9.263272039044860851e-01 8.076957072215444100e+01
9.410377337454033375e-01 7.791225113992435070e+01
9.559818740074421672e-01 7.515189579349565463e+01
9.711633345385446425e-01 7.248539137512544528e+01
9.865858841008557922e-01 6.990971714994630304e+01
1.002253351306309659e+00 6.742194250291969126e+01
1.018169625567074021e+00 6.501922453887702602e+01
1.034338658061087157e+00 6.269880573497760423e+01
1.050764462712929115e+00 6.045801164489798651e+01
1.067451117190268306e+00 5.829424865405686518e+01
1.084402763916133994e+00 5.620500200040417837e+01
1.101623611097262811e+00 5.418783419713787453e+01
1.119117933768775552e+00 5.224038220103106056e+01
1.136890074855445798e+00 5.036035515736084989e+01
1.154944446249819956e+00 4.854553241375059969e+01
1.173285529907459601e+00 4.679376157975618611e+01
1.191917878959576793e+00 4.510295663150389345e+01
1.210846118843337704e+00 4.347109606068322307e+01
1.230074948450117001e+00 4.189622106719387773e+01
1.249609141291986747e+00 4.037643379474035754e+01
1.269453546686729162e+00 3.890989560866922403e+01
1.289613090961668540e+00 3.749482541533721758e+01
1.310092778676621217e+00 3.612949802230163954e+01
1.330897693866264886e+00 3.481224242888460907e+01
1.352033001302239024e+00 3.354143969645532053e+01
1.373503947775287060e+00 3.231552195171374819e+01
1.395315863397760259e+00 3.113297120213552560e+01
1.417474162926804837e+00 2.999231787734454002e+01
1.439984347108564045e+00 2.889213940711553619e+01
1.462852004043724508e+00 2.783105883610098630e+01
1.486082810574749891e+00 2.680774347453770545e+01
1.509682533695143158e+00 2.582090358419620557e+01
1.533657031981090046e+00 2.486929109884253464e+01
1.558012257045835680e+00 2.395169837848842675e+01
1.582754255017160494e+00 2.306695699671518440e+01
1.607889168038315164e+00 2.221393656036268283e+01
1.633423235792795136e+00 2.139154356088414488e+01
1.659362797053326899e+00 2.059872024767668819e+01
1.685714291255453245e+00 1.983444301457594605e+01
1.712484260096108102e+00 1.909772114817335975e+01
1.739679349157577937e+00 1.838759665398452015e+01
1.767306309557252098e+00 1.770314331653890960e+01
1.795371999623571080e+00 1.704346570914695747e+01
1.823883386598591949e+00 1.640769823190744603e+01
1.852847548367588582e+00 1.579500417725614447e+01
1.882271675216120821e+00 1.520457482236724189e+01
1.912163071615006205e+00 1.463562854773366873e+01
1.942529158033637238e+00 1.408740998126523891e+01
1.973377472782096298e+00 1.355918916725620171e+01
2.004715673882523141e+00 1.305026075958666354e+01
2.036551540970200858e+00 1.255994323853549410e+01
2.068892977224832563e+00 1.208757815059437846e+01
2.101748011332487120e+00 1.163252937624409888e+01
2.135124799478701263e+00 1.119418245977614568e+01
2.169031627373235072e+00 1.077194388294067373e+01
2.203476912306977731e+00 1.036524035939252286e+01
2.238469205241523152e+00 9.973518181573245656e+00
2.274017192931923503e+00 9.596242587469101082e+00
2.310129700083157989e+00 9.232897146366278562e+00
2.346815691540844462e+00 8.882983163094021251e+00
2.384084274516740987e+00 8.546019100258202883e+00
2.421944700849590237e+00 8.221540017978250958e+00
2.460406369301867180e+00 7.909097030651619065e+00
2.499478827893000243e+00 7.608256780280700404e+00
2.539171776269643299e+00 7.318600925907333021e+00
2.579495068113591749e+00 7.039725648710910555e+00
2.620458713587936028e+00 6.771241172247007611e+00
2.662072881822060033e+00 6.512771190174407643e+00
2.704347903436104872e+00 6.263952234302894162e+00
2.747294273105521434e+00 6.024433534727867467e+00
2.790922652166347273e+00 5.793876653374205432e+00
2.835243871261860615e+00 5.571955068166202452e+00
2.880268933031260747e+00 5.358353770484086454e+00
2.926009014841048916e+00 5.152768875512077074e+00
2.972475471559781202e+00 4.954907245094189783e+00
3.019679838376890579e+00 4.764486122723769590e+00
3.067633833666269627e+00 4.581232780303101215e+00
3.116349361895329295e+00 4.404884176319202815e+00
3.165838516580256279e+00 4.235186625091419188e+00
3.216113583288204403e+00 4.071895476756018262e+00
3.267187042687134557e+00 3.914774807662084299e+00
3.319071573644149620e+00 3.763597122164032527e+00
3.371780056372966072e+00 3.618143091917247478e+00
3.425325575631405606e+00 3.478201270710591153e+00
3.479721423969654559e+00 3.343567790246890770e+00
3.534981105030109205e+00 3.214046097343889574e+00
3.591118336899622676e+00 3.089446701275305962e+00
3.648147055514987969e+00 2.969586929419881560e+00
3.706081418122502580e+00 2.854290690962622001e+00
3.764935806792471418e+00 2.743388248399780682e+00
3.824724831989521512e+00 2.636715996605888623e+00
3.885463336199617590e+00 2.534116249228182571e+00
3.947166397614672473e+00 2.435437032180236105e+00
4.009849333875673771e+00 2.340531884013229202e+00
4.073527705875252813e+00 2.249259662949535610e+00
4.138217321620641265e+00 2.161484360369522850e+00
4.203934240157968460e+00 2.077074901417176545e+00
4.270694775558885325e+00 1.995904885050121091e+00
4.338515500970492766e+00 1.917852502456249386e+00
4.407413252729588393e+00 1.842800416020984100e+00
4.477405134542246756e+00 1.770635599896304146e+00
4.548508521729773157e+00 1.701249186004945013e+00
4.620741065542090631e+00 1.634536315358815939e+00
4.694120697539617026e+00 1.570395994515881410e+00
4.768665634044735313e+00 1.508730957005202544e+00
4.844394380663954003e+00 1.449447529555257352e+00
4.921325736881876800e+00 1.392455502965775249e+00
4.999478800728136996e+00 1.337668007468413078e+00
5.078872973518433476e+00 1.285001392426473377e+00
5.159527964670862943e+00 1.234375110228601358e+00
5.241463796598739400e+00 1.185711604750822712e+00
5.324700809681109703e+00 1.138936257349891790e+00
5.409259667312205089e+00 1.093977318705734669e+00
5.495161361031080993e+00 1.050765704352353280e+00
5.582427215732718828e+00 1.009234887496453847e+00
5.671078894961878447e+00 9.693208075759266462e-01
5.761138406291025582e+00 9.309617819405431316e-01
5.852628106783656747e+00 8.940984205547884978e-01
5.945570708544394734e+00 8.586735436255831244e-01
6.039989284357206500e+00 8.246321020606242058e-01
6.135907273413176100e+00 7.919211006657419505e-01
6.233348487129223514e+00 7.604895239924729378e-01
6.332337115059236687e+00 7.302882647496298230e-01
6.432897730899070687e+00 7.012700546952593816e-01
6.535055298586910588e+00 6.733893979278841035e-01
6.638835178500508860e+00 6.466024883787103716e-01
6.744263133752844475e+00 6.208669495613288181e-01
6.851365336587750043e+00 5.961418844941529516e-01
6.960168374877114594e+00 5.723879782154214224e-01
7.070699258721259817e+00 5.495674393851301964e-01
7.182985427154132019e+00 5.276439411437940930e-01
7.297054754954980460e+00 5.065825642831232045e-01
7.412935559568207822e+00 4.863497426371422017e-01
7.530656608133104335e+00 4.669132106059701304e-01
7.650247124625228601e+00 4.482419527279958293e-01
7.771736797111187478e+00 4.303061552195721062e-01
7.895155785118634029e+00 4.130771594045918316e-01
8.020534727123292740e+00 3.965274169594242837e-01
8.147904748154894961e+00 3.806304469016618119e-01
8.277297467523895946e+00 3.653607942579303880e-01
8.408745006670887534e+00 3.506941338387904450e-01
8.542279997140681758e+00 3.366075681639060790e-01
8.677935588683004298e+00 3.230791195865569954e-01
8.815745457481849456e+00 3.100875774056450207e-01
8.955743814515516377e+00 2.976124750490314330e-01
9.097965414049394184e+00 2.856340677069785228e-01
9.242445562263638337e+00 2.741333104207873683e-01
9.389220126017841395e+00 2.630918366305770584e-01
9.538325541754900883e+00 2.524919371851020999e-01
9.689798824546278055e+00 2.423165398155021910e-01
9.843677577280899982e+00 2.325491890739465883e-01
1.000000000000000000e+01 2.231740267372685771e-01
